%YAML:1.0
---
camera_name: rtabmap
image_width: 640
image_height: 480
camera_matrix:
   rows: 3
   cols: 3
   data: [ 5.5425469970703125e+02, 0., 3.2050000000000000e+02, 0.,
       5.5425469970703125e+02, 2.4050000000000000e+02, 0., 0., 1. ]
distortion_coefficients:
   rows: 1
   cols: 5
   data: [ 0., 0., 0., 0., 0. ]
distortion_model: plumb_bob
